=== pool test, cost column tip_steps_over_threshold ===

--- frontier, paired over anatomies ---
cond                     nanat      ins     succ      cost per mm 95pct   noprog
r1_baseline                100    240.9    0.140  0.1825 [0.1628 0.2022]    0.000
r4tip_w0.0003              100    221.3    0.110  0.1803 [0.1513 0.2087]    0.000
r4tip_w0.001               100    211.2    0.062  0.1136 [0.0927 0.1360]    0.000
r4tip_w0.003               100    199.6    0.105  0.0904 [0.0678 0.1127]    0.000
r4tip_w0.01                100    160.3    0.030  0.0508 [0.0320 0.0720]    0.000
r4tip_w0.03                100     37.5    0.000  0.0072 [0.0053 0.0092]    0.510
sacpid_tip_ki8_d20         100     33.4    0.000  0.3233 [0.1395 0.5964]    0.500
sacpid_tip_w20_d150        100    219.8    0.190  0.1896 [0.1669 0.2125]    0.000
sacpid_tip_w20_d20         100    120.3    0.015  0.1292 [0.0964 0.1650]    0.030
sacpid_tip_w20_d30         100     90.1    0.030  0.1687 [0.1333 0.2065]    0.040

--- paired against r1_baseline, all anatomies ---
cond                     npair           d ins mm 95pct             d cost 95pct    frac<
r4tip_w0.0003              100   -19.65 [ -30.54   -9.04]    -4.08 [ -11.74    3.69]    0.590
r4tip_w0.001               100   -29.68 [ -37.68  -21.97]   -19.97 [ -27.01  -12.99]    0.780
r4tip_w0.003               100   -41.26 [ -52.88  -29.21]   -25.92 [ -32.90  -19.18]    0.850
r4tip_w0.01                100   -80.59 [ -94.63  -66.55]   -35.82 [ -42.42  -29.02]    0.910
r4tip_w0.03                100  -203.43 [-213.24 -193.61]   -43.70 [ -49.20  -38.23]    1.000
sacpid_tip_ki8_d20         100  -207.54 [-221.67 -192.80]   -33.18 [ -41.58  -24.09]    0.940
sacpid_tip_w20_d150        100   -21.08 [ -31.07  -10.87]    -2.28 [  -8.10    3.91]    0.580
sacpid_tip_w20_d20         100  -120.60 [-136.17 -106.41]   -28.42 [ -35.69  -21.17]    0.840
sacpid_tip_w20_d30         100  -150.85 [-164.60 -137.29]   -28.77 [ -36.34  -21.37]    0.760

--- paired, both above 125.4 mm on the same anatomy ---
cond                     npair           d ins mm 95pct             d cost 95pct      cost per mm 95pct
r4tip_w0.0003               93   -13.26 [ -23.82   -2.45]    -3.99 [ -12.15    4.53]  0.1834 [0.1544 0.2124]
r4tip_w0.001                99   -29.60 [ -37.72  -21.72]   -20.16 [ -26.83  -13.29]  0.1126 [0.0917 0.1353]
r4tip_w0.003                95   -36.14 [ -47.14  -24.85]   -24.07 [ -30.57  -17.43]  0.0924 [0.0696 0.1164]
r4tip_w0.01                 81   -59.48 [ -71.53  -47.60]   -30.93 [ -38.25  -23.53]  0.0555 [0.0346 0.0789]
r4tip_w0.03                  0  too few paired anatomies
sacpid_tip_ki8_d20           3  too few paired anatomies
sacpid_tip_w20_d150        100   -21.08 [ -31.26  -10.99]    -2.28 [  -8.23    3.73]  0.1896 [0.1664 0.2128]
sacpid_tip_w20_d20          39   -61.01 [ -79.60  -42.35]   -17.69 [ -27.96   -7.29]  0.1240 [0.0865 0.1598]
sacpid_tip_w20_d30          23   -79.27 [-102.05  -58.89]    -0.54 [ -14.27   13.35]  0.1835 [0.1296 0.2395]

=== pool test, cost column steps_over_threshold ===

--- frontier, paired over anatomies ---
cond                     nanat      ins     succ      cost per mm 95pct   noprog
r1                         100    240.9    0.140  0.4306 [0.4038 0.4556]    0.000
r1_baseline                100    240.9    0.140  0.4306 [0.4041 0.4555]    0.000
r4_w0.0003                 100    166.0    0.100  0.3070 [0.2740 0.3392]    0.000
r4tip_w0.0003              100    221.3    0.110  0.4254 [0.3966 0.4532]    0.000
r4tip_w0.001               100    211.2    0.062  0.4402 [0.4208 0.4608]    0.000
r4tip_w0.003               100    199.6    0.105  0.3263 [0.2901 0.3610]    0.000
r4tip_w0.01                100    160.3    0.030  0.2701 [0.2381 0.3027]    0.000
r4tip_w0.03                100     37.5    0.000  0.0235 [0.0076 0.0464]    0.510
sacpid_tip_ki8_d20         100     33.4    0.000  0.4375 [0.2330 0.7046]    0.500
sacpid_tip_w20_d150        100    219.8    0.190  0.3810 [0.3538 0.4084]    0.000
sacpid_tip_w20_d20         100    120.3    0.015  0.4707 [0.4322 0.5122]    0.030
sacpid_tip_w20_d30         100     90.1    0.030  0.3113 [0.2702 0.3512]    0.040

--- paired against r1_baseline, all anatomies ---
cond                     npair           d ins mm 95pct             d cost 95pct    frac<
r1                         100     0.00 [   0.00    0.00]     0.00 [   0.00    0.00]    0.000
r4_w0.0003                 100   -74.92 [ -85.94  -63.64]   -52.78 [ -61.36  -43.68]    0.880
r4tip_w0.0003              100   -19.65 [ -30.53   -8.42]    -9.62 [ -15.76   -3.39]    0.630
r4tip_w0.001               100   -29.68 [ -37.43  -21.96]   -10.75 [ -18.18   -3.46]    0.680
r4tip_w0.003               100   -41.26 [ -53.05  -29.41]   -38.60 [ -47.22  -29.56]    0.750
r4tip_w0.01                100   -80.59 [ -94.63  -66.77]   -60.45 [ -70.92  -49.58]    0.870
r4tip_w0.03                100  -203.43 [-212.92 -193.69]  -102.86 [-110.89  -94.68]    1.000
sacpid_tip_ki8_d20         100  -207.54 [-221.97 -192.61]   -89.14 [ -99.89  -77.09]    0.950
sacpid_tip_w20_d150        100   -21.08 [ -31.10  -10.70]   -19.99 [ -26.13  -13.84]    0.750
sacpid_tip_w20_d20         100  -120.60 [-135.52 -105.97]   -47.11 [ -56.75  -37.12]    0.820
sacpid_tip_w20_d30         100  -150.85 [-164.66 -137.70]   -75.71 [ -86.12  -65.11]    0.870

--- paired, both above 125.4 mm on the same anatomy ---
cond                     npair           d ins mm 95pct             d cost 95pct      cost per mm 95pct
r1                         100     0.00 [   0.00    0.00]     0.00 [   0.00    0.00]  0.4306 [0.4044 0.4560]
r4_w0.0003                  89   -71.64 [ -82.71  -60.24]   -56.28 [ -65.56  -46.85]  0.2915 [0.2612 0.3210]
r4tip_w0.0003               93   -13.26 [ -23.34   -2.61]    -9.66 [ -15.80   -3.02]  0.4327 [0.4053 0.4603]
r4tip_w0.001                99   -29.60 [ -37.41  -21.62]   -10.53 [ -17.80   -3.25]  0.4393 [0.4195 0.4592]
r4tip_w0.003                95   -36.14 [ -47.42  -24.47]   -34.51 [ -42.90  -25.81]  0.3316 [0.2957 0.3659]
r4tip_w0.01                 81   -59.48 [ -71.46  -47.11]   -48.07 [ -58.48  -36.25]  0.2923 [0.2592 0.3244]
r4tip_w0.03                  0  too few paired anatomies
sacpid_tip_ki8_d20           3  too few paired anatomies
sacpid_tip_w20_d150        100   -21.08 [ -31.22  -10.76]   -19.99 [ -26.12  -13.95]  0.3810 [0.3533 0.4087]
sacpid_tip_w20_d20          39   -61.01 [ -79.69  -43.05]   -22.63 [ -38.23   -6.75]  0.4001 [0.3551 0.4411]
sacpid_tip_w20_d30          23   -79.27 [-101.39  -58.67]   -21.83 [ -41.71   -1.39]  0.3351 [0.2859 0.3840]

=== pool train, cost column tip_steps_over_threshold ===

--- frontier, paired over anatomies ---
cond                     nanat      ins     succ      cost per mm 95pct   noprog
r1_baseline                100    228.6    0.104  0.2014 [0.1834 0.2203]    0.000
r4tip_w0.0003              100    214.2    0.065  0.1534 [0.1271 0.1818]    0.000
r4tip_w0.001               100    204.6    0.050  0.0713 [0.0565 0.0879]    0.000
r4tip_w0.003               100    188.2    0.070  0.0948 [0.0675 0.1234]    0.000
r4tip_w0.01                100    167.6    0.015  0.0342 [0.0213 0.0488]    0.010
r4tip_w0.03                100     45.0    0.000  0.0044 [0.0029 0.0060]    0.420
sacpid_tip_ki8_d20         100     37.3    0.000  0.6969 [0.3909 1.1200]    0.410
sacpid_tip_w20_d150        100    216.3    0.117  0.2274 [0.2011 0.2537]    0.000
sacpid_tip_w20_d20         100    125.5    0.030  0.0711 [0.0482 0.0961]    0.020
sacpid_tip_w20_d30         100     90.1    0.025  0.0989 [0.0742 0.1259]    0.000

--- paired against r1_baseline, all anatomies ---
cond                     npair           d ins mm 95pct             d cost 95pct    frac<
r4tip_w0.0003              100   -14.38 [ -23.07   -5.51]   -13.18 [ -20.10   -5.99]    0.660
r4tip_w0.001               100   -24.03 [ -32.12  -16.14]   -31.48 [ -36.47  -26.62]    0.870
r4tip_w0.003               100   -40.42 [ -50.90  -29.51]   -28.21 [ -35.17  -21.19]    0.840
r4tip_w0.01                100   -61.00 [ -69.39  -52.82]   -40.31 [ -46.05  -34.63]    0.930
r4tip_w0.03                100  -183.58 [-193.22 -173.60]   -45.85 [ -50.79  -40.82]    1.000
sacpid_tip_ki8_d20         100  -191.37 [-205.76 -176.00]   -20.09 [ -32.28   -6.83]    0.840
sacpid_tip_w20_d150        100   -12.37 [ -21.46   -3.37]     3.12 [  -2.75    9.41]    0.530
sacpid_tip_w20_d20         100  -103.13 [-114.70  -91.76]   -37.13 [ -42.36  -31.83]    0.930
sacpid_tip_w20_d30         100  -138.55 [-151.17 -125.88]   -37.14 [ -42.85  -31.21]    0.880

--- paired, both above 125.4 mm on the same anatomy ---
cond                     npair           d ins mm 95pct             d cost 95pct      cost per mm 95pct
r4tip_w0.0003               96   -10.79 [ -18.98   -2.48]   -12.56 [ -19.79   -5.07]  0.1557 [0.1291 0.1835]
r4tip_w0.001                98   -23.70 [ -31.62  -15.85]   -32.20 [ -37.11  -27.05]  0.0696 [0.0544 0.0866]
r4tip_w0.003                94   -34.37 [ -44.50  -24.27]   -27.26 [ -34.47  -19.73]  0.0975 [0.0693 0.1277]
r4tip_w0.01                 99   -60.17 [ -68.07  -51.91]   -40.59 [ -46.19  -34.86]  0.0342 [0.0218 0.0500]
r4tip_w0.03                  0  too few paired anatomies
sacpid_tip_ki8_d20           4  too few paired anatomies
sacpid_tip_w20_d150         99   -12.03 [ -21.19   -2.83]     3.24 [  -2.83    9.41]  0.2282 [0.2027 0.2546]
sacpid_tip_w20_d20          40   -47.68 [ -63.61  -32.99]   -25.80 [ -33.18  -18.53]  0.0907 [0.0526 0.1330]
sacpid_tip_w20_d30          14   -50.27 [ -74.14  -26.59]   -16.39 [ -36.97    2.17]  0.1431 [0.0923 0.1977]

=== pool train, cost column steps_over_threshold ===

--- frontier, paired over anatomies ---
cond                     nanat      ins     succ      cost per mm 95pct   noprog
r1                         100    228.6    0.104  0.4919 [0.4679 0.5140]    0.000
r1_baseline                100    228.6    0.104  0.4919 [0.4673 0.5140]    0.000
r4_w0.0003                 100    160.5    0.067  0.3538 [0.3192 0.3876]    0.000
r4tip_w0.0003              100    214.2    0.065  0.4764 [0.4481 0.5036]    0.000
r4tip_w0.001               100    204.6    0.050  0.4848 [0.4653 0.5042]    0.000
r4tip_w0.003               100    188.2    0.070  0.4024 [0.3679 0.4342]    0.000
r4tip_w0.01                100    167.6    0.015  0.3263 [0.2910 0.3606]    0.010
r4tip_w0.03                100     45.0    0.000  0.0286 [0.0097 0.0614]    0.420
sacpid_tip_ki8_d20         100     37.3    0.000  0.7395 [0.4365 1.1566]    0.410
sacpid_tip_w20_d150        100    216.3    0.117  0.4500 [0.4209 0.4784]    0.000
sacpid_tip_w20_d20         100    125.5    0.030  0.4803 [0.4473 0.5124]    0.020
sacpid_tip_w20_d30         100     90.1    0.025  0.2305 [0.1948 0.2657]    0.000

--- paired against r1_baseline, all anatomies ---
cond                     npair           d ins mm 95pct             d cost 95pct    frac<
r1                         100     0.00 [   0.00    0.00]     0.00 [   0.00    0.00]    0.000
r4_w0.0003                 100   -68.08 [ -74.61  -61.05]   -55.65 [ -63.64  -47.65]    0.910
r4tip_w0.0003              100   -14.38 [ -23.21   -5.22]   -10.39 [ -17.08   -3.48]    0.660
r4tip_w0.001               100   -24.03 [ -31.82  -16.31]   -13.26 [ -20.16   -6.35]    0.700
r4tip_w0.003               100   -40.42 [ -51.08  -29.75]   -36.73 [ -46.90  -26.37]    0.740
r4tip_w0.01                100   -61.00 [ -69.47  -52.89]   -57.75 [ -66.27  -48.72]    0.890
r4tip_w0.03                100  -183.58 [-193.42 -173.80]  -111.17 [-118.73 -103.41]    1.000
sacpid_tip_ki8_d20         100  -191.37 [-206.23 -175.65]   -84.91 [ -98.73  -69.92]    0.870
sacpid_tip_w20_d150        100   -12.37 [ -21.20   -2.68]   -15.15 [ -21.44   -8.84]    0.700
sacpid_tip_w20_d20         100  -103.13 [-114.49  -91.65]   -52.18 [ -61.89  -42.58]    0.820
sacpid_tip_w20_d30         100  -138.55 [-150.71 -126.19]   -91.69 [-101.24  -81.71]    0.930

--- paired, both above 125.4 mm on the same anatomy ---
cond                     npair           d ins mm 95pct             d cost 95pct      cost per mm 95pct
r1                         100     0.00 [   0.00    0.00]     0.00 [   0.00    0.00]  0.4919 [0.4681 0.5143]
r4_w0.0003                  83   -67.64 [ -75.36  -59.59]   -58.40 [ -67.43  -49.06]  0.3559 [0.3220 0.3900]
r4tip_w0.0003               96   -10.79 [ -18.80   -2.26]    -9.53 [ -16.55   -2.36]  0.4818 [0.4549 0.5085]
r4tip_w0.001                98   -23.70 [ -31.76  -15.98]   -13.74 [ -20.40   -6.66]  0.4838 [0.4646 0.5037]
r4tip_w0.003                94   -34.37 [ -44.02  -24.36]   -31.60 [ -41.87  -21.22]  0.4123 [0.3790 0.4442]
r4tip_w0.01                 99   -60.17 [ -68.09  -52.00]   -57.48 [ -66.33  -48.12]  0.3263 [0.2902 0.3599]
r4tip_w0.03                  0  too few paired anatomies
sacpid_tip_ki8_d20           4  too few paired anatomies
sacpid_tip_w20_d150         99   -12.03 [ -21.12   -2.81]   -15.08 [ -21.12   -8.88]  0.4491 [0.4198 0.4779]
sacpid_tip_w20_d20          40   -47.68 [ -63.29  -32.74]   -22.53 [ -37.46   -7.21]  0.4358 [0.3884 0.4841]
sacpid_tip_w20_d30          14   -50.27 [ -74.92  -26.08]   -22.53 [ -47.46    1.37]  0.3251 [0.2741 0.3728]

