episodes 3900 runs 39
wrote figs_19_aug/figE_cost_signal.png

            force_max  tip_max  shadow_max  shadow_tip
bin                                                   
(50, 100]       1.802    1.802       1.244       1.189
(100, 150]      1.504    1.500       0.770       0.764
(150, 200]      3.013    2.083      25.107       2.452
(200, 250]     13.894    3.146     143.379       8.885
(250, 300]    102.272    4.520     313.853      25.383
(300, 350]   1265.238    7.407     454.225      65.717
(350, 400]   2032.437    9.094     579.522     121.260
