=== excluded, non standard filename ===
    evals/cmp_r1_stoch_train_seed100.csv
    evals/cmp_sacpid_stoch_train_seed100.csv
    evals/d30s3_ep30_train_seed100.csv
    evals/r1s0_bothsignals_train_seed100.csv
    evals/sacpid_canary_train_seed100.csv
    evals/sacpid_d30s0_probe_train_seed100.csv
    evals/sacpid_tip_w20_d20_s1_ep30_test_seed100.csv
    evals/sacpid_tip_w20_d20_s1_ep30_train_seed100.csv
    evals/sacpid_tip_w20_d30_s1_ep30_test_seed100.csv
    evals/sacpid_tip_w20_d30_s1_ep30_train_seed100.csv

=== conditions discovered, seeds per pool ===
pool                      test      train
cond                                     
r1                   0,1,2,3,4  0,1,2,3,4
r4_w0.0003               0,1,2      0,1,2
r4tip_w0.0003              0,1        0,1
r4tip_w0.001           0,1,3,4    0,1,3,4
r4tip_w0.003               0,1        0,1
r4tip_w0.01                0,1        0,1
r4tip_w0.03                0,1        0,1
sacpid_tip_ki8_d20           1          1
sacpid_tip_w20_d150      2,3,4      2,3,4
sacpid_tip_w20_d20         0,1        0,1
sacpid_tip_w20_d30     0,1,2,3    0,1,2,3

=== schema, first file ===
['wall_time', 'episode', 'steps', 'end_reason', 'success', 'ep_return', 'ep_cost', 'force_mean', 'force_max', 'force_p95', 'steps_over_threshold', 'hinge_cost_shadow', 'excess_mean', 'excess_max', 'clamp_steps', 'inserted_final', 'path_length_at_reset', 'cost_fn', 'seed', 'arch_type', 'arch_seed', 'train_pool', 'env_instance']

=== end_reason vocabulary, test pool ===
end_reason
steve_truncation    2754
target_reached       246

=== condition table, TEST pool ===
                     seeds      n  ins_mean  ins_med  ins_q25  ins_q75  success  stuck     over  tip_over
r1                     5.0  500.0   240.907  216.139  190.961  263.341    0.140    0.0  103.742       NaN
r4_w0.0003             3.0  300.0   165.988  151.533  134.994  192.335    0.100    0.0   50.960       NaN
r4tip_w0.0003          2.0  200.0   221.261  199.645  175.146  243.047    0.110    0.0   94.120    39.890
r4tip_w0.001           4.0  400.0   211.230  203.629  179.183  234.330    0.062    0.0   92.992    23.995
r4tip_w0.003           2.0  200.0   199.645  180.639  166.278  213.600    0.105    0.0   65.140    18.050
r4tip_w0.01            2.0  200.0   160.312  159.649  130.774  186.104    0.030    0.0   43.295     8.145
r4tip_w0.03            2.0  200.0    37.476    0.795    0.100    7.278    0.000    0.0    0.880     0.270
sacpid_tip_ki8_d20     1.0  100.0    33.372    6.203    0.100   50.453    0.000    0.0   14.600    10.790
sacpid_tip_w20_d150    3.0  300.0   219.826  209.054  169.996  237.194    0.190    0.0   83.750    41.687
sacpid_tip_w20_d20     2.0  200.0   120.310  165.871    0.100  206.920    0.015    0.0   56.635    15.545
sacpid_tip_w20_d30     4.0  400.0    90.056   97.879    0.100  153.737    0.030    0.0   28.032    15.195

=== condition table, TRAIN pool ===
                     seeds      n  ins_mean  ins_med  ins_q25  ins_q75  success  stuck     over  tip_over
r1                     5.0  500.0   228.626  219.549  194.991  240.320    0.104    0.0  112.456       NaN
r4_w0.0003             3.0  300.0   160.550  159.068  137.472  192.361    0.067    0.0   56.807       NaN
r4tip_w0.0003          2.0  200.0   214.247  202.575  180.938  234.319    0.065    0.0  102.070    32.875
r4tip_w0.001           4.0  400.0   204.592  205.829  186.446  232.337    0.050    0.0   99.192    14.578
r4tip_w0.003           2.0  200.0   188.206  180.938  163.134  214.906    0.070    0.0   75.730    17.845
r4tip_w0.01            2.0  200.0   167.631  168.371  138.158  194.455    0.015    0.0   54.705     5.740
r4tip_w0.03            2.0  200.0    45.045    0.239    0.100  145.138    0.000    0.0    1.290     0.200
sacpid_tip_ki8_d20     1.0  100.0    37.253   18.234    0.100   57.011    0.000    0.0   27.550    25.960
sacpid_tip_w20_d150    3.0  300.0   216.251  208.537  180.185  233.171    0.117    0.0   97.307    49.177
sacpid_tip_w20_d20     2.0  200.0   125.493  170.206    0.100  215.331    0.030    0.0   60.280     8.925
sacpid_tip_w20_d30     4.0  400.0    90.078  102.701    0.100  148.718    0.025    0.0   20.765     8.912

=== per seed, TEST pool ===
                       seeds      n  ins_mean  ins_med  ins_q25  ins_q75  success  stuck    over  tip_over
r1                  0    1.0  100.0   227.258  222.096  188.537  248.965     0.03    0.0  111.20       NaN
                    1    1.0  100.0   296.837  297.573  212.010  384.252     0.21    0.0  121.86       NaN
                    2    1.0  100.0   219.084  206.976  177.925  240.461     0.14    0.0   87.48       NaN
                    3    1.0  100.0   202.701  196.422  175.892  213.025     0.14    0.0   93.69       NaN
                    4    1.0  100.0   258.655  228.857  200.552  382.637     0.18    0.0  104.48       NaN
r4_w0.0003          0    1.0  100.0   175.103  148.018  137.259  198.380     0.22    0.0   37.37       NaN
                    1    1.0  100.0   171.760  148.924  140.772  180.372     0.08    0.0   35.27       NaN
                    2    1.0  100.0   151.102  170.804   48.261  191.269     0.00    0.0   80.24       NaN
r4tip_w0.0003       0    1.0  100.0   246.200  229.569  196.413  382.632     0.09    0.0  114.43     51.54
                    1    1.0  100.0   196.322  185.409  159.169  204.646     0.13    0.0   73.81     28.24
r4tip_w0.001        0    1.0  100.0   217.998  202.104  181.825  231.999     0.07    0.0   92.04     17.97
                    1    1.0  100.0   197.024  193.906  141.816  221.129     0.18    0.0   74.78     31.51
                    3    1.0  100.0   234.982  228.323  202.778  243.732     0.00    0.0  126.99     27.56
                    4    1.0  100.0   194.916  185.000  159.223  227.482     0.00    0.0   78.16     18.94
r4tip_w0.003        0    1.0  100.0   188.260  175.619  163.222  199.163     0.04    0.0   55.58     13.90
                    1    1.0  100.0   211.031  196.944  170.047  220.128     0.17    0.0   74.70     22.20
r4tip_w0.01         0    1.0  100.0   176.519  184.203  162.777  203.158     0.04    0.0   67.40     12.77
                    1    1.0  100.0   144.106  139.391  128.113  155.996     0.02    0.0   19.19      3.52
r4tip_w0.03         0    1.0  100.0    72.777    6.424    0.144  150.307     0.00    0.0    1.74      0.52
                    1    1.0  100.0     2.175    0.100    0.100    1.594     0.00    0.0    0.02      0.02
sacpid_tip_ki8_d20  1    1.0  100.0    33.372    6.203    0.100   50.453     0.00    0.0   14.60     10.79
sacpid_tip_w20_d150 2    1.0  100.0   212.684  175.821  161.784  232.174     0.15    0.0   66.73     39.89
                    3    1.0  100.0   210.811  203.756  162.272  248.373     0.21    0.0   78.50     54.58
                    4    1.0  100.0   235.982  218.722  207.213  231.601     0.21    0.0  106.02     30.59
sacpid_tip_w20_d20  0    1.0  100.0   180.117  205.979  169.766  225.595     0.03    0.0   82.89     11.72
                    1    1.0  100.0    60.504    0.100    0.100  111.492     0.00    0.0   30.38     19.37
sacpid_tip_w20_d30  0    1.0  100.0   130.769  146.715   66.609  194.694     0.00    0.0   35.17      4.93
                    1    1.0  100.0    22.727    0.100    0.100   23.045     0.00    0.0    6.14      4.79
                    2    1.0  100.0   143.882  148.660  131.566  170.229     0.03    0.0   56.40     38.63
                    3    1.0  100.0    62.848   16.994    0.100  128.304     0.09    0.0   14.42     12.43

=== matched insertion band 125.4 to 199.4 mm, per condition ===
                     seeds      n  ins_mean  ins_med  ins_q25  ins_q75  success  stuck    over  tip_over
r1                     5.0  147.0   179.356  179.128  169.897  191.336    0.156    0.0  62.878       NaN
r4_w0.0003             3.0  180.0   158.034  151.160  141.783  175.447    0.061    0.0  39.633       NaN
r4tip_w0.0003          2.0   84.0   175.983  178.429  165.771  191.183    0.107    0.0  70.500    30.190
r4tip_w0.001           4.0  150.0   175.969  181.389  162.626  191.040    0.040    0.0  71.553    20.880
r4tip_w0.003           2.0  114.0   170.833  169.997  163.448  179.996    0.070    0.0  41.702     7.956
r4tip_w0.01            2.0  130.0   161.633  163.575  141.446  181.696    0.038    0.0  40.508     6.115
r4tip_w0.03            2.0   49.0   149.442  150.396  146.228  153.665    0.000    0.0   3.592     1.102
sacpid_tip_w20_d150    3.0   93.0   169.742  168.341  159.563  182.058    0.194    0.0  49.183    39.140
sacpid_tip_w20_d20     2.0   42.0   181.061  182.171  174.757  187.986    0.000    0.0  73.524    27.738
sacpid_tip_w20_d30     4.0  136.0   154.650  150.108  137.827  169.006    0.022    0.0  40.713    24.037

=== matched band, PER SEED, the section 17 rerun ===
                       seeds     n  ins_mean  ins_med  ins_q25  ins_q75  success  stuck     over  tip_over
r1                  0    1.0  24.0   177.579  175.051  170.595  180.302    0.000    0.0   61.042       NaN
                    1    1.0  14.0   186.165  188.752  183.264  193.511    0.571    0.0   41.286       NaN
                    2    1.0  34.0   174.815  176.358  167.223  180.936    0.029    0.0   65.853       NaN
                    3    1.0  53.0   179.564  181.143  166.551  192.633    0.132    0.0   72.623       NaN
                    4    1.0  22.0   183.480  187.729  172.323  192.397    0.318    0.0   50.545       NaN
r4_w0.0003          0    1.0  67.0   152.660  143.235  137.564  157.083    0.119    0.0   18.672       NaN
                    1    1.0  71.0   151.985  147.855  142.518  153.726    0.042    0.0   23.380       NaN
                    2    1.0  42.0   176.830  174.321  169.398  184.141    0.000    0.0  100.548       NaN
r4tip_w0.0003       0    1.0  23.0   179.808  179.182  172.284  195.725    0.217    0.0   80.087    46.783
                    1    1.0  61.0   174.541  177.030  158.648  190.229    0.066    0.0   66.885    23.934
r4tip_w0.001        0    1.0  42.0   175.959  181.310  162.015  189.074    0.048    0.0   64.952    10.381
                    1    1.0  41.0   176.953  186.829  170.619  192.460    0.098    0.0   81.317    28.976
                    3    1.0  23.0   186.002  189.378  181.527  192.494    0.000    0.0  114.217    58.174
                    4    1.0  44.0   169.819  167.623  158.555  180.534    0.000    0.0   46.455     3.864
r4tip_w0.003        0    1.0  67.0   171.408  169.205  163.019  179.862    0.030    0.0   40.090     4.955
                    1    1.0  47.0   170.014  170.199  164.437  182.537    0.128    0.0   44.000    12.234
r4tip_w0.01         0    1.0  52.0   179.923  182.118  172.563  190.926    0.058    0.0   70.538    10.038
                    1    1.0  78.0   149.440  143.177  133.588  163.868    0.026    0.0   20.487     3.500
r4tip_w0.03         0    1.0  48.0   149.631  150.663  146.743  153.698    0.000    0.0    3.625     1.083
                    1    1.0   1.0   140.358  140.358  140.358  140.358    0.000    0.0    2.000     2.000
sacpid_tip_w20_d150 2    1.0  55.0   165.639  165.761  159.469  171.144    0.073    0.0   43.473    36.055
                    3    1.0  28.0   170.376  173.069  152.070  188.698    0.250    0.0   62.357    53.536
                    4    1.0  10.0   190.529  195.711  186.220  197.058    0.700    0.0   43.700    15.800
sacpid_tip_w20_d20  0    1.0  26.0   180.055  179.260  171.232  189.579    0.000    0.0   54.962     6.808
                    1    1.0  16.0   182.696  183.276  180.041  185.807    0.000    0.0  103.688    61.750
sacpid_tip_w20_d30  0    1.0  44.0   161.382  155.719  144.473  177.555    0.000    0.0   30.864     2.682
                    1    1.0   1.0   133.647  133.647  133.647  133.647    0.000    0.0    0.000     0.000
                    2    1.0  69.0   153.575  151.095  138.568  166.860    0.000    0.0   57.870    43.957
                    3    1.0  22.0   145.510  135.466  128.887  148.716    0.136    0.0    8.455     5.364

=== mean steps_over_threshold by insertion bin, TEST pool ===
ins_bin              (0, 50]  (50, 100]  (100, 150]  (150, 200]  (200, 250]  (250, 300]  (300, 350]  (350, 400]
cond                                                                                                           
r1                     16.00      20.58        0.40       63.56      110.89      123.72      124.75      157.61
r4_w0.0003             37.59       1.44        6.14       68.08       86.06       22.00         NaN      157.12
r4tip_w0.0003           0.00        NaN        3.00       74.67      107.39      151.12      140.67      160.29
r4tip_w0.001           13.00      41.00        1.93       78.65      114.93      117.00      143.40      145.66
r4tip_w0.003             NaN       2.43        0.93       45.18       98.75       84.50      141.75      146.00
r4tip_w0.01             0.00       0.20        2.68       66.51       99.65       96.67         NaN      150.00
r4tip_w0.03             0.00        NaN        1.39        5.54         NaN         NaN         NaN         NaN
sacpid_tip_ki8_d20     12.49       6.71        0.44         NaN      143.00      152.00         NaN         NaN
sacpid_tip_w20_d150    20.00       8.20        5.63       55.46       95.24      115.53      145.67      146.20
sacpid_tip_w20_d20      3.84       4.92       12.20       75.15      126.24      117.25      136.50      147.83
sacpid_tip_w20_d30      8.17       2.82       10.36       68.56       93.10      136.33         NaN      132.00
--- episode counts per cell ---
ins_bin              (0, 50]  (50, 100]  (100, 150]  (150, 200]  (200, 250]  (250, 300]  (300, 350]  (350, 400]
cond                                                                                                           
r1                         1         12           5         147         191          36          12          96
r4_w0.0003                29         16          95          98          34           3           0          25
r4tip_w0.0003              7          0          15          79          54           8           3          34
r4tip_w0.001              16          5          28         139         151          15           5          41
r4tip_w0.003               0          7          14         105          51           2           4          17
r4tip_w0.01               12          5          76          77          20           3           0           7
r4tip_w0.03              151          0          23          26           0           0           0           0
sacpid_tip_ki8_d20        74         14           9           0           2           1           0           0
sacpid_tip_w20_d150        9          5          19          85         119          15           3          45
sacpid_tip_w20_d20        81         12           5          41          49           4           2           6
sacpid_tip_w20_d30       175         28          88          70          30           3           0           6

=== mean tip_steps_over_threshold by insertion bin, TEST pool ===
ins_bin              (0, 50]  (50, 100]  (100, 150]  (150, 200]  (200, 250]  (250, 300]  (300, 350]  (350, 400]
cond                                                                                                           
r4tip_w0.0003           0.00        NaN        2.93       31.78       27.22       50.38       55.33       99.53
r4tip_w0.001           13.00      41.00        1.71       22.45       13.90       32.27       41.60       78.68
r4tip_w0.003             NaN       1.29        0.93        8.54       19.27       44.50       62.50       80.53
r4tip_w0.01             0.00       0.20        2.63        8.49       13.55        3.33         NaN       70.43
r4tip_w0.03             0.00        NaN        1.39        0.85         NaN         NaN         NaN         NaN
sacpid_tip_ki8_d20     12.49       5.86        0.22         NaN       12.50       46.00         NaN         NaN
sacpid_tip_w20_d150    20.00       8.20        5.63       42.73       32.67       68.13       41.00       78.07
sacpid_tip_w20_d20      3.84       4.83       12.20       28.24       20.35       27.75       57.50       49.67
sacpid_tip_w20_d30      8.15       2.75        9.38       35.96       19.10       98.00         NaN       61.00
--- episode counts per cell ---
ins_bin              (0, 50]  (50, 100]  (100, 150]  (150, 200]  (200, 250]  (250, 300]  (300, 350]  (350, 400]
cond                                                                                                           
r1                         1         12           5         147         191          36          12          96
r4_w0.0003                29         16          95          98          34           3           0          25
r4tip_w0.0003              7          0          15          79          54           8           3          34
r4tip_w0.001              16          5          28         139         151          15           5          41
r4tip_w0.003               0          7          14         105          51           2           4          17
r4tip_w0.01               12          5          76          77          20           3           0           7
r4tip_w0.03              151          0          23          26           0           0           0           0
sacpid_tip_ki8_d20        74         14           9           0           2           1           0           0
sacpid_tip_w20_d150        9          5          19          85         119          15           3          45
sacpid_tip_w20_d20        81         12           5          41          49           4           2           6
sacpid_tip_w20_d30       175         28          88          70          30           3           0           6

=== w0.03 against the pre registered criterion ===
               seeds      n  ins_mean  ins_med  ins_q25  ins_q75  success  stuck  over  tip_over
r4tip_w0.03 0    1.0  100.0    72.777    6.424    0.144  150.307      0.0    0.0  1.74      0.52
            1    1.0  100.0     2.175    0.100    0.100    1.594      0.0    0.0  0.02      0.02
verdict: AMBIGUOUS
