=== pool test, cost column tip_steps_over_threshold ===

--- frontier, paired over anatomies ---
cond                     nanat      ins     succ      cost per mm 95pct   noprog
r1_baseline                100    240.9    0.140  0.1825 [0.1628 0.2022]    0.000
r4tip_w0.0003              100    221.3    0.110  0.1803 [0.1513 0.2087]    0.000
r4tip_w0.001               100    211.2    0.062  0.1136 [0.0927 0.1360]    0.000
r4tip_w0.003               100    171.4    0.117  0.0927 [0.0712 0.1146]    0.000
r4tip_w0.01                100    158.1    0.033  0.0372 [0.0239 0.0521]    0.000
r4tip_w0.03                100     37.5    0.000  0.0072 [0.0053 0.0092]    0.510
sacpid_tip_ki8_d20         100     65.0    0.000  0.1617 [0.1056 0.2235]    0.190
sacpid_tip_w20_d150        100    219.8    0.190  0.1896 [0.1669 0.2125]    0.000
sacpid_tip_w20_d20         100     96.5    0.032  0.1500 [0.1198 0.1824]    0.020
sacpid_tip_w20_d30         100     90.1    0.030  0.1687 [0.1333 0.2065]    0.040

--- paired against r1_baseline, all anatomies ---
cond                     npair           d ins mm 95pct             d cost 95pct    frac<
r4tip_w0.0003              100   -19.65 [ -30.54   -9.04]    -4.08 [ -11.74    3.69]    0.590
r4tip_w0.001               100   -29.68 [ -37.68  -21.97]   -19.97 [ -27.01  -12.99]    0.780
r4tip_w0.003               100   -69.50 [ -82.10  -56.44]   -28.08 [ -34.35  -21.97]    0.830
r4tip_w0.01                100   -82.76 [ -94.89  -70.60]   -38.08 [ -44.15  -31.88]    0.940
r4tip_w0.03                100  -203.43 [-213.24 -193.61]   -43.70 [ -49.20  -38.23]    1.000
sacpid_tip_ki8_d20         100  -175.92 [-190.77 -160.25]   -33.46 [ -40.83  -25.95]    0.900
sacpid_tip_w20_d150        100   -21.08 [ -31.07  -10.87]    -2.28 [  -8.10    3.91]    0.580
sacpid_tip_w20_d20         100  -144.42 [-161.01 -128.08]   -29.50 [ -36.56  -22.42]    0.830
sacpid_tip_w20_d30         100  -150.85 [-164.60 -137.29]   -28.77 [ -36.34  -21.37]    0.760

--- paired, both above 125.4 mm on the same anatomy ---
cond                     npair           d ins mm 95pct             d cost 95pct      cost per mm 95pct
r4tip_w0.0003               93   -13.26 [ -23.82   -2.45]    -3.99 [ -12.15    4.53]  0.1834 [0.1544 0.2124]
r4tip_w0.001                99   -29.60 [ -37.72  -21.72]   -20.16 [ -26.83  -13.29]  0.1126 [0.0917 0.1353]
r4tip_w0.003                82   -54.97 [ -67.38  -42.24]   -26.06 [ -32.70  -19.33]  0.0997 [0.0753 0.1238]
r4tip_w0.01                 87   -68.71 [ -79.53  -57.53]   -35.03 [ -41.48  -28.63]  0.0396 [0.0256 0.0554]
r4tip_w0.03                  0  too few paired anatomies
sacpid_tip_ki8_d20          11   -43.23 [ -88.93   -1.73]     1.45 [ -21.33   24.08]  0.2310 [0.1442 0.3128]
sacpid_tip_w20_d150        100   -21.08 [ -31.30  -10.89]    -2.28 [  -8.17    3.77]  0.1896 [0.1663 0.2127]
sacpid_tip_w20_d20          26   -47.13 [ -68.86  -27.02]     4.54 [  -7.89   17.93]  0.1984 [0.1447 0.2551]
sacpid_tip_w20_d30          23   -79.27 [-101.43  -59.03]    -0.54 [ -14.01   12.88]  0.1835 [0.1312 0.2397]

=== pool test, cost column steps_over_threshold ===

--- frontier, paired over anatomies ---
cond                     nanat      ins     succ      cost per mm 95pct   noprog
r1                         100    240.9    0.140  0.4306 [0.4043 0.4560]    0.000
r1_baseline                100    240.9    0.140  0.4306 [0.4041 0.4557]    0.000
r4_w0.0003                 100    166.0    0.100  0.3070 [0.2747 0.3391]    0.000
r4tip_w0.0003              100    221.3    0.110  0.4254 [0.3972 0.4535]    0.000
r4tip_w0.001               100    211.2    0.062  0.4402 [0.4209 0.4608]    0.000
r4tip_w0.003               100    171.4    0.117  0.3013 [0.2693 0.3327]    0.000
r4tip_w0.01                100    158.1    0.033  0.1941 [0.1689 0.2197]    0.000
r4tip_w0.03                100     37.5    0.000  0.0235 [0.0076 0.0466]    0.510
sacpid_tip_ki8_d20         100     65.0    0.000  0.2130 [0.1445 0.2803]    0.190
sacpid_tip_w20_d150        100    219.8    0.190  0.3810 [0.3537 0.4085]    0.000
sacpid_tip_w20_d20         100     96.5    0.032  0.3476 [0.3123 0.3861]    0.020
sacpid_tip_w20_d30         100     90.1    0.030  0.3113 [0.2722 0.3514]    0.040

--- paired against r1_baseline, all anatomies ---
cond                     npair           d ins mm 95pct             d cost 95pct    frac<
r1                         100     0.00 [   0.00    0.00]     0.00 [   0.00    0.00]    0.000
r4_w0.0003                 100   -74.92 [ -85.91  -63.49]   -52.78 [ -61.42  -43.54]    0.880
r4tip_w0.0003              100   -19.65 [ -30.68   -8.27]    -9.62 [ -15.89   -3.27]    0.630
r4tip_w0.001               100   -29.68 [ -37.36  -22.01]   -10.75 [ -18.17   -3.51]    0.680
r4tip_w0.003               100   -69.50 [ -82.30  -56.05]   -52.09 [ -60.13  -43.53]    0.860
r4tip_w0.01                100   -82.76 [ -95.25  -70.72]   -73.04 [ -82.60  -63.11]    0.880
r4tip_w0.03                100  -203.43 [-213.24 -193.77]  -102.86 [-110.96  -94.60]    1.000
sacpid_tip_ki8_d20         100  -175.92 [-191.18 -160.53]   -89.90 [ -99.97  -79.20]    0.960
sacpid_tip_w20_d150        100   -21.08 [ -30.98  -10.73]   -19.99 [ -26.09  -13.96]    0.750
sacpid_tip_w20_d20         100  -144.42 [-160.97 -128.16]   -70.20 [ -80.07  -59.58]    0.860
sacpid_tip_w20_d30         100  -150.85 [-164.33 -137.35]   -75.71 [ -85.94  -65.06]    0.870

--- paired, both above 125.4 mm on the same anatomy ---
cond                     npair           d ins mm 95pct             d cost 95pct      cost per mm 95pct
r1                         100     0.00 [   0.00    0.00]     0.00 [   0.00    0.00]  0.4306 [0.4044 0.4556]
r4_w0.0003                  89   -71.64 [ -82.85  -59.87]   -56.28 [ -65.40  -46.88]  0.2915 [0.2618 0.3209]
r4tip_w0.0003               93   -13.26 [ -23.56   -2.83]    -9.66 [ -15.85   -3.05]  0.4327 [0.4046 0.4597]
r4tip_w0.001                99   -29.60 [ -37.67  -21.62]   -10.53 [ -17.77   -3.17]  0.4393 [0.4193 0.4608]
r4tip_w0.003                82   -54.97 [ -67.69  -42.11]   -44.33 [ -53.16  -35.65]  0.3140 [0.2798 0.3460]
r4tip_w0.01                 87   -68.71 [ -79.58  -58.06]   -66.61 [ -76.75  -55.86]  0.2047 [0.1777 0.2311]
r4tip_w0.03                  0  too few paired anatomies
sacpid_tip_ki8_d20          11   -43.23 [ -87.42   -1.41]   -13.15 [ -41.65   17.86]  0.4127 [0.3267 0.4749]
sacpid_tip_w20_d150        100   -21.08 [ -31.22  -10.95]   -19.99 [ -26.20  -13.92]  0.3810 [0.3531 0.4091]
sacpid_tip_w20_d20          26   -47.13 [ -69.30  -26.73]    -7.09 [ -28.52   13.65]  0.3415 [0.2812 0.4052]
sacpid_tip_w20_d30          23   -79.27 [-100.94  -58.68]   -21.83 [ -41.70   -2.04]  0.3351 [0.2850 0.3854]

=== pool train, cost column tip_steps_over_threshold ===

--- frontier, paired over anatomies ---
cond                     nanat      ins     succ      cost per mm 95pct   noprog
r1_baseline                100    228.6    0.104  0.2014 [0.1832 0.2201]    0.000
r4tip_w0.0003              100    214.2    0.065  0.1534 [0.1268 0.1816]    0.000
r4tip_w0.001               100    204.6    0.050  0.0713 [0.0563 0.0878]    0.000
r4tip_w0.003               100    164.6    0.077  0.0927 [0.0671 0.1185]    0.000
r4tip_w0.01                100    164.6    0.010  0.0304 [0.0199 0.0421]    0.000
r4tip_w0.03                100     45.0    0.000  0.0044 [0.0029 0.0060]    0.420
sacpid_tip_ki8_d20         100     67.4    0.000  0.2335 [0.1495 0.3321]    0.090
sacpid_tip_w20_d150        100    216.3    0.117  0.2274 [0.2021 0.2528]    0.000
sacpid_tip_w20_d20         100    100.7    0.024  0.1209 [0.0948 0.1491]    0.010
sacpid_tip_w20_d30         100     90.1    0.025  0.0989 [0.0740 0.1258]    0.000

--- paired against r1_baseline, all anatomies ---
cond                     npair           d ins mm 95pct             d cost 95pct    frac<
r4tip_w0.0003              100   -14.38 [ -23.05   -5.62]   -13.18 [ -20.02   -5.98]    0.660
r4tip_w0.001               100   -24.03 [ -32.09  -16.19]   -31.48 [ -36.48  -26.46]    0.870
r4tip_w0.003               100   -63.99 [ -75.35  -52.65]   -30.79 [ -36.96  -24.61]    0.860
r4tip_w0.01                100   -64.01 [ -71.99  -55.73]   -41.05 [ -46.67  -35.37]    0.940
r4tip_w0.03                100  -183.58 [-193.03 -173.74]   -45.85 [ -50.89  -40.80]    1.000
sacpid_tip_ki8_d20         100  -161.24 [-174.56 -147.74]   -30.32 [ -37.99  -22.26]    0.870
sacpid_tip_w20_d150        100   -12.37 [ -21.41   -3.21]     3.12 [  -2.92    9.27]    0.530
sacpid_tip_w20_d20         100  -127.91 [-139.14 -117.02]   -33.87 [ -39.58  -28.38]    0.890
sacpid_tip_w20_d30         100  -138.55 [-150.59 -126.10]   -37.14 [ -42.71  -31.26]    0.880

--- paired, both above 125.4 mm on the same anatomy ---
cond                     npair           d ins mm 95pct             d cost 95pct      cost per mm 95pct
r4tip_w0.0003               96   -10.79 [ -19.20   -2.46]   -12.56 [ -19.75   -5.27]  0.1557 [0.1285 0.1846]
r4tip_w0.001                98   -23.70 [ -31.70  -15.91]   -32.20 [ -37.33  -27.05]  0.0696 [0.0547 0.0860]
r4tip_w0.003                83   -55.78 [ -67.84  -44.08]   -32.31 [ -39.16  -24.95]  0.0985 [0.0702 0.1274]
r4tip_w0.01                 99   -63.73 [ -71.78  -55.46]   -41.33 [ -46.78  -35.97]  0.0305 [0.0196 0.0430]
r4tip_w0.03                  0  too few paired anatomies
sacpid_tip_ki8_d20          10   -34.25 [ -53.98  -16.60]   -34.68 [ -48.05  -22.38]  0.0303 [0.0143 0.0487]
sacpid_tip_w20_d150         99   -12.03 [ -20.95   -2.75]     3.24 [  -2.71    9.42]  0.2282 [0.2018 0.2547]
sacpid_tip_w20_d20          26   -70.70 [ -88.08  -54.58]   -13.43 [ -25.81   -1.74]  0.1829 [0.1392 0.2321]
sacpid_tip_w20_d30          14   -50.27 [ -74.84  -26.48]   -16.39 [ -37.58    1.93]  0.1431 [0.0916 0.1975]

=== pool train, cost column steps_over_threshold ===

--- frontier, paired over anatomies ---
cond                     nanat      ins     succ      cost per mm 95pct   noprog
r1                         100    228.6    0.104  0.4919 [0.4682 0.5146]    0.000
r1_baseline                100    228.6    0.104  0.4919 [0.4677 0.5140]    0.000
r4_w0.0003                 100    160.5    0.067  0.3538 [0.3194 0.3892]    0.000
r4tip_w0.0003              100    214.2    0.065  0.4764 [0.4476 0.5037]    0.000
r4tip_w0.001               100    204.6    0.050  0.4848 [0.4656 0.5042]    0.000
r4tip_w0.003               100    164.6    0.077  0.3552 [0.3241 0.3870]    0.000
r4tip_w0.01                100    164.6    0.010  0.2446 [0.2171 0.2706]    0.000
r4tip_w0.03                100     45.0    0.000  0.0286 [0.0096 0.0596]    0.420
sacpid_tip_ki8_d20         100     67.4    0.000  0.2592 [0.1716 0.3538]    0.090
sacpid_tip_w20_d150        100    216.3    0.117  0.4500 [0.4205 0.4791]    0.000
sacpid_tip_w20_d20         100    100.7    0.024  0.3575 [0.3244 0.3918]    0.010
sacpid_tip_w20_d30         100     90.1    0.025  0.2305 [0.1943 0.2673]    0.000

--- paired against r1_baseline, all anatomies ---
cond                     npair           d ins mm 95pct             d cost 95pct    frac<
r1                         100     0.00 [   0.00    0.00]     0.00 [   0.00    0.00]    0.000
r4_w0.0003                 100   -68.08 [ -74.83  -61.12]   -55.65 [ -63.58  -47.23]    0.910
r4tip_w0.0003              100   -14.38 [ -23.22   -5.72]   -10.39 [ -17.20   -3.56]    0.660
r4tip_w0.001               100   -24.03 [ -31.90  -16.46]   -13.26 [ -20.21   -6.08]    0.700
r4tip_w0.003               100   -63.99 [ -74.93  -52.97]   -53.98 [ -63.61  -43.60]    0.840
r4tip_w0.01                100   -64.01 [ -72.07  -55.70]   -72.19 [ -80.73  -63.00]    0.910
r4tip_w0.03                100  -183.58 [-193.21 -173.92]  -111.17 [-118.63 -103.42]    1.000
sacpid_tip_ki8_d20         100  -161.24 [-174.75 -147.21]   -94.99 [-105.08  -84.24]    0.930
sacpid_tip_w20_d150        100   -12.37 [ -21.53   -3.29]   -15.15 [ -21.15   -8.95]    0.700
sacpid_tip_w20_d20         100  -127.91 [-138.97 -116.60]   -76.45 [ -85.66  -67.03]    0.920
sacpid_tip_w20_d30         100  -138.55 [-150.71 -125.51]   -91.69 [-101.33  -81.87]    0.930

--- paired, both above 125.4 mm on the same anatomy ---
cond                     npair           d ins mm 95pct             d cost 95pct      cost per mm 95pct
r1                         100     0.00 [   0.00    0.00]     0.00 [   0.00    0.00]  0.4919 [0.4677 0.5140]
r4_w0.0003                  83   -67.64 [ -75.48  -59.33]   -58.40 [ -67.51  -49.02]  0.3559 [0.3216 0.3897]
r4tip_w0.0003               96   -10.79 [ -19.23   -2.15]    -9.53 [ -16.29   -2.65]  0.4818 [0.4527 0.5086]
r4tip_w0.001                98   -23.70 [ -31.37  -16.05]   -13.74 [ -20.83   -6.72]  0.4838 [0.4647 0.5041]
r4tip_w0.003                83   -55.78 [ -67.32  -44.32]   -51.54 [ -61.84  -40.63]  0.3672 [0.3356 0.3992]
r4tip_w0.01                 99   -63.73 [ -72.01  -55.39]   -72.09 [ -80.78  -63.38]  0.2452 [0.2183 0.2714]
r4tip_w0.03                  0  too few paired anatomies
sacpid_tip_ki8_d20          10   -34.25 [ -53.92  -17.39]   -69.22 [ -83.27  -56.40]  0.1466 [0.0437 0.2664]
sacpid_tip_w20_d150         99   -12.03 [ -21.31   -2.77]   -15.08 [ -21.29   -8.90]  0.4491 [0.4204 0.4774]
sacpid_tip_w20_d20          26   -70.70 [ -87.07  -55.03]   -27.32 [ -46.35   -8.69]  0.3897 [0.3252 0.4589]
sacpid_tip_w20_d30          14   -50.27 [ -75.41  -26.09]   -22.53 [ -46.60    1.41]  0.3251 [0.2770 0.3734]

